2558
2557
2556
2554
2553
2552
2549
2548
2547
2546
2545
2543
2541
2539
2538
2535
2534
2529
2526
2524
2523
2521
2520
2518
2515
2514
2513
2511
2510
2509
2507
2506
2505
2499
2493
2563
2560
2559
2567
2578
2576
2573
2572
2551
2550
2544
2533
2519
2516
2495
2527
2497
2561
2555
2542
2540
2537
2528
2525
2512
2508
2503
2502
2562
2570
2569
2565
2571
2532
2531
2530
2522
2517
2504
2496
2566
2577
2574
2501
2536
2564
2568
2579
2575
2599
2598
2597
2596
2595
2594
2593
2592
2591
2590
2589
2588
2587
2586
2585
2584
2583
2582
2581
2580
2616
2615
2614
2613
2612
2611
2610
2609
2608
2607
2606
2605
2604
2603
2602
2601
2600
2635
2634
2633
2632
2631
2630
2629
2628
2627
2626
2625
2624
2623
2622
2621
2620
2619
2618
2617
2639
2640
2641
2636
2637
2638
2645
2648
2649
2650
2653
2656
2658
2666
2684
2686
2688
2642
2643
2644
2646
2647
2651
2652
2654
2655
2657
2683
2660
2664
2665
2685
2687
2689
2690
2691
2659
2661
2662
2663
2667
2670
2672
2675
2676
2677
2679
2681
2682
2668
2669
2671
2673
2678
2674
2680
2692
2693
2695
2694